MEAN_PIXEL=0.48253053426742554
STD_PIXEL=0.23724150657653809
SIZE=384