MEAN_PIXEL=0.48230913281440735
STD_PIXEL=0.23707811534404755
SIZE=384